report,needs
"- Resident A experiencing increased dependency in mobility, requiring assistance with walking and transfers. ",unmet
" - Resident B showing signs of incontinence, needing frequent assistance with toileting and hygiene. ",unmet
" - Resident C struggling with eating and drinking, requiring full assistance with meals and hydration. ",unmet
" - Resident D displaying restlessness and agitation at night, impacting sleep quality. ",unmet
"- Resident E reporting persistent pain and discomfort, requiring careful monitoring and pain management. ",unmet
" - Resident F experiencing confusion and disorientation, needing gentle reminders and reassurance. ",unmet
" - Resident G showing signs of worsening pressure ulcers, requiring regular wound care and monitoring. ",unmet
" - Resident H experiencing nausea and vomiting, needing assistance with medication and symptom management. ",unmet
" - Resident I displaying apathy and lack of interest in activities, requiring compassionate engagement and encouragement. ",unmet
" - Resident J struggling with breathlessness and tightness in chest, requiring prompt intervention and support. ",unmet
" - Resident K showing signs of skin redness and irritation, needing careful skincare and monitoring. ",unmet
" - Resident L experiencing frequent falls and near misses, requiring consistent supervision and safety measures. ",unmet
" - Resident M displaying signs of distress and discomfort, requiring compassionate palliative care and support. ",unmet
" - Resident N reporting feelings of loneliness and isolation, needing social interaction and companionship. ",unmet
"- Resident O showing signs of dehydration and poor nutrition, requiring close monitoring and support. ",unmet
" - Resident P struggling with communication and interaction, requiring patience and understanding. ",unmet
" - Resident Q experiencing frequent episodes of confusion and disorientation, needing gentle redirection and reassurance. ",unmet
" - Resident R displaying signs of anxiety and restlessness, requiring calming interventions and support. ",unmet
" - Resident S reporting persistent diarrhea and abdominal discomfort, needing careful monitoring and symptom management. ",unmet
" - Resident T showing signs of weakness and fatigue, requiring assistance with mobility and activities of daily living. ",unmet
" - Resident U experiencing persistent back pain and discomfort, requiring pain management and support. ",unmet
" - Resident V displaying signs of depression and apathy, needing emotional support and encouragement. ",unmet
" - Resident W struggling with medication management and adherence, requiring assistance and monitoring. ",unmet
"- Resident X showing signs of skin breakdown and wounds, requiring meticulous wound care and attention. ",unmet
"- Resident A is showing signs of increased pain and discomfort, requiring regular monitoring and adjustments to their pain management plan.",unmet
"- Resident B is experiencing increased restlessness at night, leading to disrupted sleep and potentially impacting their overall quality of life.",unmet
"- Resident C is displaying signs of confusion and disorientation, which may require further assessment and intervention to ensure their comfort and well-being.",unmet
"- Resident D is reporting persistent nausea and stomach discomfort, necessitating close monitoring and potential adjustments to their medication regimen.",unmet
"- Resident E is showing signs of respiratory distress, indicating the need for ongoing monitoring and support to manage their symptoms effectively.",unmet
"- Resident F is experiencing frequent falls and fall incidents, highlighting the need for additional safety measures and interventions to prevent further injuries.",unmet
"- Resident G is displaying symptoms of severe agitation and restlessness, requiring immediate attention and measures to address their comfort and well-being.",unmet
"- Resident H is reporting chronic back pain and discomfort, indicating the need for regular pain management interventions and support.",unmet
"- Resident I is exhibiting signs of apathy and disengagement, suggesting the need for tailored interventions to enhance their social and emotional well-being.",unmet
"- Resident J is experiencing increased pressure ulcers and skin irritation, highlighting the importance of regular skin assessments and interventions to prevent complications.",unmet
"- Resident K is showing signs of urinary incontinence and related skin issues, necessitating ongoing monitoring and support to maintain their comfort and hygiene.",unmet
"- Resident L is reporting frequent bouts of dizziness and lightheadedness, indicating the need for further evaluation and interventions to address their symptoms.",unmet
"- Resident M is displaying symptoms of dehydration and poor hydration, necessitating regular monitoring and interventions to maintain their fluid balance.",unmet
"- Resident N is experiencing persistent digestive issues and stomach pain, requiring ongoing support and interventions to manage their symptoms effectively.",unmet
"- Resident O is showing signs of cognitive decline and confusion, indicating the need for comprehensive assessment and interventions to support their mental well-being.",unmet
"- Resident P is reporting chronic joint pain and stiffness, highlighting the need for ongoing support and interventions to improve their mobility and comfort.",unmet
"- Resident Q is exhibiting symptoms of urinary tract infection and related discomfort, indicating the need for prompt assessment and treatment to prevent complications.",unmet
"- Resident R is showing signs of respiratory distress and shortness of breath, necessitating immediate attention and interventions to address their symptoms.",unmet
"- Resident S is experiencing persistent fatigue and weakness, highlighting the need for regular assessments and interventions to improve their energy levels and well-being.",unmet
"- Resident T is displaying symptoms of depression and low mood, suggesting the need for personalized interventions to enhance their emotional well-being and quality of life.",unmet
"- Resident U is reporting chronic headaches and migraines, indicating the need for regular monitoring and interventions to manage their pain effectively.",unmet
"- Resident V is showing signs of skin breakdown and pressure ulcers, necessitating urgent interventions and measures to prevent further damage.",unmet
"- Resident W is experiencing frequent falls and balance issues, highlighting the need for additional support and interventions to enhance their safety and mobility.",unmet
"- Resident X is displaying symptoms of urinary incontinence and related skin irritation, indicating the need for ongoing monitoring and support to maintain their comfort and hygiene.",unmet
"- Resident Y is reporting persistent nausea and digestive issues, requiring close monitoring and interventions to manage their symptoms effectively.",unmet
"- Resident Z is showing signs of cognitive decline and memory loss, necessitating comprehensive assessment and interventions to support their mental well-being and overall quality of life.",unmet
"- Mrs. Smith has been experiencing increasing levels of pain in her lower back, despite receiving regular pain medication.",unmet
"- Mr. Johnson is struggling with nausea and vomiting, causing him to have a decreased appetite and energy levels.",unmet
"- Mrs. Brown has developed a pressure ulcer on her sacral area, requiring extensive wound care management.",unmet
"- Mr. Martinez has been experiencing shortness of breath, especially when lying flat, making it difficult for him to get a good night's sleep.",unmet
"- Mrs. Wilson has shown signs of restlessness and agitation, often wandering around her room during the night.",unmet
"- Mr. Thompson has been experiencing severe confusion and disorientation, making it challenging for him to engage in daily activities.",unmet
"- Mrs. Davis has been complaining of persistent diarrhea, leading to dehydration and weakness.",unmet
"- Mr. Garcia has been experiencing intense back pain, affecting his mobility and ability to perform daily tasks.",unmet
"- Mrs. Nguyen has been showing signs of apathy and lack of interest in activities, indicating a decline in cognitive function.",unmet
"- Mr. Clark has been struggling with swallowing difficulties, leading to choking episodes during meal times.",unmet
"- Mrs. Patel has developed edema in her lower extremities, causing discomfort and limited mobility.",unmet
"- Mr. Lee has been experiencing frequent falls, despite the use of walking aids, increasing his risk of injury.",unmet
"- Mrs. Carter has been experiencing severe itching and redness on her skin, likely due to an allergic reaction.",unmet
"- Mr. Brown has been feeling increasingly fatigued and weak, making it challenging for him to participate in daily activities.",unmet
"- Mrs. Rodriguez has been experiencing persistent pain in her abdomen, requiring regular pain management interventions.",unmet
"- Mr. Khan has been exhibiting signs of palliative care needs, including increased fatigue and decreased appetite.",unmet
"- Mrs. Williams has been experiencing episodes of confusion and delirium, making it difficult for her to communicate effectively.",unmet
"- Mr. Nguyen has been complaining of tightness in his chest and difficulty breathing, requiring further evaluation by the medical team.",unmet
"- Mrs. Thompson has developed a urinary tract infection, leading to increased discomfort and frequent trips to the bathroom.",unmet
"- Mr. Patel has been experiencing increased episodes of agitation and restlessness, especially during the evening hours.",unmet
"- Mrs. Brown has shown signs of decline in cognitive function, with increasing forgetfulness and disorientation.",unmet
"- Mr. Wilson has been experiencing severe nausea and vomiting, affecting his ability to maintain proper nutrition and hydration.",unmet
"- Mrs. Martinez has been exhibiting signs of advanced palliative care needs, including severe pain and limited mobility.",unmet
"- Mr. Davis has developed a pressure ulcer on his heel, requiring specialized wound care management.",unmet
"- Mrs. Garcia has been experiencing frequent falls and mobility issues, necessitating the use of a wheelchair for assistance.",unmet
"- Resident A experiences increasing pain and discomfort, requiring additional pain management interventions. ",unmet
- Resident B's family has expressed concerns about their loved one's deteriorating mobility and declining quality of life. ,unmet
"- Resident C is showing signs of restlessness and agitation, indicating possible unmet emotional needs. ",unmet
"- Resident D has complained of frequent nausea and vomiting, impacting their ability to eat and maintain proper nutrition. ",unmet
"- Resident E is experiencing increased confusion and disorientation, warranting further evaluation and support. ",unmet
"- Resident F has developed pressure ulcers on their lower back, indicating the need for improved wound care interventions. ",unmet
- Resident G's family has requested more frequent visits and communication to address their loved one's social isolation and loneliness. ,unmet
"- Resident H has been experiencing persistent shortness of breath, suggesting unmet palliative care needs in managing symptoms. ",unmet
"- Resident I has been observed to have difficulty with transfers and mobilization, requiring additional support and assistance. ",unmet
"- Resident J has shown signs of fear and anxiety, requiring ongoing emotional support and reassurance. ",unmet
"- Resident K has reported frequent episodes of diarrhea and abdominal pain, indicating the need for better symptom management. ",unmet
"- Resident L's family has expressed concerns about their loved one's declining appetite and weight loss, necessitating further nutritional assessments and interventions. ",unmet
"- Resident M is experiencing increased fatigue and weakness, pointing to unmet physical care needs in maintaining comfort and function. ",unmet
"- Resident N has developed severe edema in their lower extremities, requiring prompt attention and intervention to prevent complications. ",unmet
"- Resident O has been experiencing worsening back pain and discomfort, necessitating adjustments to their pain management regimen. ",unmet
"- Resident P has shown signs of apathy and disengagement, indicating the need for enhanced emotional support and companionship. ",unmet
"- Resident Q has reported continual itching and skin irritation, necessitating improved skin care interventions and management. ",unmet
"- Resident R's family has requested discussions about end-of-life care and preferences, highlighting the need for comprehensive palliative care planning. ",unmet
"- Resident S is exhibiting signs of dehydration and poor fluid intake, necessitating close monitoring and intervention to maintain hydration status. ",unmet
"- Resident T has been experiencing frequent falls and near-miss incidents, indicating the need for enhanced fall prevention strategies and interventions. ",unmet
"- Resident U has reported worsening pain and discomfort, requiring a reassessment and adjustment of their pain management plan. ",unmet
"- Resident V is showing signs of heightened anxiety and distress, requiring additional emotional support and counseling. ",unmet
"- Resident W has developed new skin breakdown and pressure ulcers, necessitating immediate wound care interventions and prevention strategies. ",unmet
"- Resident X's family has requested more involvement in care planning and decision-making, underscoring the importance of person-centered care and communication. ",unmet
"- Resident Y is experiencing increased confusion and disorientation, indicating unmet needs in managing cognitive symptoms and distress. ",unmet
"- Resident Z has shown signs of increased fatigue and weakness, highlighting the need for comprehensive physical care and support. ",unmet
"- Mrs. Smith experiences increasing difficulty with mobility, requiring assistance with getting in and out of bed.",unmet
"- Mr. Johnson's family has expressed concerns about his worsening pain management, noting increased discomfort and restlessness.",unmet
"- Mrs. Brown is experiencing frequent episodes of nausea and vomiting, impacting her appetite and overall quality of life.",unmet
"- Mr. Davis continues to struggle with maintaining proper hydration, leading to concerns about potential dehydration.",unmet
"- Mrs. Wilson's family has noted a decline in her cognitive function, with increasing confusion and disorientation.",unmet
"- Mr. Thompson is experiencing worsening breathlessness, leading to decreased activity levels and increased reliance on oxygen.",unmet
"- Mrs. Garcia is exhibiting signs of agitation and restlessness, requiring additional support to keep her comfortable.",unmet
"- Mr. Rodriguez has developed pressure ulcers on his heels, requiring ongoing wound care and prevention measures.",unmet
"- Mrs. Nguyen is experiencing increased weakness and fatigue, making it difficult for her to participate in daily activities.",unmet
"- Mr. Patel's family has expressed concerns about his declining appetite and unintended weight loss, prompting a review of his nutritional needs.",unmet
"- Mrs. Lee is experiencing frequent episodes of confusion and disorientation, necessitating closer monitoring and support.",unmet
"- Mr. Khan has been complaining of persistent back pain, impacting his ability to move and sleep comfortably.",unmet
"- Mrs. Lopez has developed a urinary tract infection, requiring antibiotic treatment and monitoring of her symptoms.",unmet
"- Mr. Clark has been experiencing worsening shortness of breath, leading to increased anxiety and discomfort.",unmet
"- Mrs. Adams has reported feeling increasingly isolated and lonely, highlighting the need for social interaction and emotional support.",unmet
"- Mr. Lewis is struggling with managing his symptoms and medications, leading to concerns about his overall health and well-being.",unmet
"- Mrs. Carter requires assistance with transfers and mobility, as her strength and balance have deteriorated.",unmet
"- Mr. Martinez has been experiencing episodes of dizziness and falls, requiring closer supervision and safety measures.",unmet
"- Mrs. Scott is experiencing worsening pain and discomfort, requiring adjustments to her pain management plan.",unmet
"- Mr. Kim has developed a skin rash and itching, necessitating further assessment and treatment.",unmet
"- Mrs. Ahmed is experiencing increased fatigue and weakness, impacting her ability to perform activities of daily living.",unmet
"- Mr. Garcia has been experiencing frequent episodes of confusion and disorientation, requiring additional support and monitoring.",unmet
"- Mrs. Khan is experiencing a decline in cognitive function, with worsening memory loss and confusion.",unmet
"- Mr. Patel's family has expressed concerns about his overall decline in health, prompting a reassessment of his care needs.",unmet
"- Mrs. Lee is experiencing increased pain and discomfort, requiring adjustments to her pain management plan.",unmet
"- Mr. Smith exhibits increased restlessness and agitation, requiring constant reassurance and support.",unmet
"- Mrs. Jones is experiencing worsening pain and discomfort, despite medication adjustments.",unmet
"- Mr. Brown's family has requested more frequent visits and updates on his condition, as they live far away.",unmet
"- Mrs. Williams has developed a pressure ulcer on her lower back, requiring careful monitoring and treatment.",unmet
"- Mr. Davis shows signs of confusion and disorientation, making it difficult for him to participate in daily activities.",unmet
- Mrs. Wilson is experiencing increasing difficulty with swallowing and is at risk of choking during meals.,unmet
- Mr. Thompson has been inquiring about end-of-life care options and expressing fear of being alone.,unmet
"- Mrs. Garcia's mobility has declined significantly, and she now requires assistance with all activities of daily living.",unmet
"- Mr. Lee has been complaining of persistent nausea and vomiting, impacting his ability to eat and stay hydrated.",unmet
"- Mrs. Patel has been experiencing frequent episodes of shortness of breath, leading to anxiety and discomfort.",unmet
- Mr. Nguyen has a history of falls and is at high risk for further injuries without proper supervision and intervention.,unmet
- Mrs. Jackson's family has raised concerns about her increasing isolation and lack of social interaction with peers.,unmet
"- Mr. Miller's pain management regimen needs adjustment, as he continues to report high levels of discomfort.",unmet
"- Mrs. Gonzalez is showing signs of apathy and withdrawal, requiring additional emotional support from staff.",unmet
"- Mr. Robinson's sleep patterns have become disrupted, leading to episodes of restlessness and confusion at night.",unmet
"- Mrs. Stewart's skin integrity is compromised, with multiple areas of redness and irritation requiring prompt attention.",unmet
"- Mr. Adams is experiencing heightened anxiety and distress, particularly around discussions of his terminal illness.",unmet
- Mrs. Kim's family has requested more involvement in end-of-life planning and decision-making for their loved one.,unmet
"- Mr. Collins requires assistance with transfers and mobility, as his strength and balance have significantly declined.",unmet
- Mrs. Murphy has expressed a desire for spiritual support and comfort as she faces the end of her life journey.,unmet
- Mr. Thompson's worsening back pain is impacting his ability to engage in basic activities of daily living.,unmet
"- Mrs. Wilson has been experiencing persistent episodes of diarrhea, leading to dehydration and weakness.",unmet
"- Mr. Nguyen's cognitive decline has progressed rapidly, causing confusion and disorientation throughout the day.",unmet
"- Mrs. Garcia's palliative care needs are not being adequately met, as her pain management remains inadequate.",unmet
- Mr. Lee's family has requested a reassessment of his care plan to address his increasing physical and emotional needs.,unmet
"- Resident A is showing signs of increased pain and discomfort, especially in the lower back area. ",unmet
"- Resident B is experiencing restlessness and agitation at night, making it difficult for them to get a good night's sleep. ",unmet
"- Resident C has been complaining of tightness in their chest, which is causing them distress. ",unmet
"- Resident D is showing signs of decreased appetite and weight loss, indicating potential difficulty with nutrition intake. ",unmet
"- Resident E is exhibiting signs of confusion and disorientation, which is causing concern among the care team. ",unmet
"- Resident F has developed pressure ulcers on various parts of their body, requiring additional attention and care. ",unmet
"- Resident G has been showing signs of increased fatigue and weakness, making it challenging for them to carry out daily activities. ",unmet
"- Resident H is experiencing frequent episodes of nausea and vomiting, which is impacting their overall well-being. ",unmet
"- Resident I has been displaying symptoms of shortness of breath, indicating potential respiratory issues that need to be addressed. ",unmet
"- Resident J has been complaining of persistent diarrhea, which is causing discomfort and dehydration. ",unmet
"- Resident K is showing signs of significant weight loss, indicating potential underlying health concerns that need to be investigated. ",unmet
"- Resident L has been experiencing recurrent falls, highlighting the need for additional support and interventions to prevent future incidents. ",unmet
"- Resident M is exhibiting signs of increasing confusion and memory loss, indicating potential cognitive decline. ",unmet
"- Resident N has been showing signs of increased agitation and restlessness, which is impacting their overall quality of life. ",unmet
"- Resident O has been experiencing persistent back pain, which is causing significant discomfort and functional impairment. ",unmet
"- Resident P has developed new pressure ulcers, requiring close monitoring and appropriate wound care interventions. ",unmet
"- Resident Q has been displaying signs of decreased mobility and independence, necessitating additional support and assistance with daily activities. ",unmet
"- Resident R is showing signs of increased palliative care needs, including pain management and symptom control. ",unmet
"- Resident S is experiencing frequent episodes of nausea and vomiting, requiring careful management and support. ",unmet
"- Resident T has been displaying signs of emotional distress and anxiety, indicating the need for additional psychosocial support and counseling. ",unmet
"- Resident U has developed new skin lesions and blemishes, requiring careful assessment and management to prevent complications. ",unmet
"- Resident V has been experiencing recurrent episodes of pain and discomfort, necessitating regular pain assessments and interventions. ",unmet
"- Resident W is showing signs of increased confusion and disorientation, indicating potential changes in their cognitive status that require attention. ",unmet
"- Resident X has been experiencing recurrent falls and fall incidents, highlighting the need for additional safety measures and interventions to prevent further injuries. ",unmet
"1. Mr. Johnson is experiencing increased pain and discomfort, and is requesting more pain medication.",unmet
"2. Mrs. Smith is showing signs of restlessness and agitation, especially during the evenings.",unmet
"3. Mr. Thompson is experiencing nausea and vomiting on a daily basis, making it difficult for him to eat or drink.",unmet
"4. Mrs. Ramirez is complaining of severe back pain, which is affecting her ability to move around independently.",unmet
"5. Mr. Patel is experiencing tightness of breath and shortness of breath, especially when lying down.",unmet
"6. Mrs. Nguyen is showing signs of confusion and disorientation, particularly in the evenings.",unmet
"7. Mr. Brown is experiencing frequent episodes of diarrhoea, leading to dehydration and weakness.",unmet
8. Mrs. Rodriguez is showing increased signs of apathy and withdrawal from social activities.,unmet
9. Mr. Khan is displaying signs of agitation and aggression towards staff and other residents.,unmet
"10. Mrs. Gonzalez is experiencing difficulty swallowing and choking while eating, requiring special attention during meal times.",unmet
"11. Mr. Martinez is showing signs of pressure ulcers developing on his back, requiring regular monitoring and care.",unmet
"12. Mrs. Lee is experiencing worsening oedema in her legs, making it hard for her to walk or move around comfortably.",unmet
"13. Mr. Garcia is experiencing severe restlessness and wandering episodes at night, leading to safety concerns.",unmet
"14. Mrs. Kim is displaying signs of increasing confusion and memory loss, causing distress to her family and caregivers.",unmet
"15. Mr. Nguyen is experiencing frequent falls and fall incidents, leading to a risk of serious injury.",unmet
"16. Mrs. Patel is showing signs of palliative care needs, including a decrease in appetite and energy levels.",unmet
"17. Mr. Ramirez is experiencing pain and discomfort in his chest, possibly related to his underlying health conditions.",unmet
"18. Mrs. Smith is displaying signs of agitation and aggression towards caregivers, requiring a careful approach to care.",unmet
"19. Mr. Johnson is showing signs of dehydration and malnutrition, leading to weakness and fatigue.",unmet
"20. Mrs. Thompson is experiencing severe nausea and vomiting, causing distress and discomfort.",unmet
"21. Mr. Brown is displaying signs of confusion and disorientation, particularly during the night.",unmet
"22. Mrs. Rodriguez is experiencing increased pain and discomfort in her joints, making it hard for her to move around.",unmet
"23. Mr. Khan is showing signs of restlessness and agitation, requiring extra attention from caregivers.",unmet
"24. Mrs. Gonzalez is displaying symptoms of palliative care needs, including increased fatigue and weakness.",unmet
"25. Mr. Martinez is experiencing difficulty breathing and chest pain, requiring immediate medical attention.",unmet
- Mrs. Smith is experiencing increased pain levels despite medication adjustments. She requires frequent reassessment and possible changes to her pain management plan.,unmet
"- Mr. Johnson is displaying signs of restlessness and agitation, likely due to uncontrolled symptoms. Further assessment is required to address his discomfort.",unmet
"- Mrs. Brown is experiencing recurrent episodes of nausea and vomiting, impacting her ability to maintain adequate nutrition and hydration. Interventions are needed to alleviate her symptoms.",unmet
"- Mr. Davis has developed a pressure ulcer on his sacrum, indicating a need for improved skin care and positioning strategies to prevent further skin breakdown.",unmet
"- Mrs. Wilson is showing signs of apathy and disengagement, which may be related to unmet emotional needs or uncontrolled symptoms. A holistic approach is needed to address her emotional well-being.",unmet
"- Mr. Thompson is exhibiting increased confusion and cognitive decline, suggesting the need for reassessment of his medications and overall care plan.",unmet
"- Mrs. Roberts is experiencing difficulty with mobility, leading to increased dependency on staff for transfers and daily activities. Evaluation of her mobility aids and ongoing support is essential.",unmet
"- Mr. Clark is displaying signs of respiratory distress, requiring close monitoring and interventions to ensure his comfort and well-being.",unmet
"- Mrs. Garcia is struggling with chronic pain and limited mobility, impacting her quality of life. A comprehensive pain management plan is needed to improve her comfort and function.",unmet
"- Mr. Patel is experiencing frequent falls and near-misses, highlighting the need for increased supervision and safety measures to prevent further injuries.",unmet
"- Mrs. Nguyen is exhibiting symptoms of dehydration and malnutrition, indicating a need for close monitoring of her fluid and nutrient intake.",unmet
"- Mr. Anderson is experiencing frequent episodes of incontinence, necessitating regular toileting assistance and continence care to maintain his dignity and hygiene.",unmet
"- Mrs. Lewis is displaying signs of anxiety and depression, potentially related to unmet psychosocial needs or changes in her health status. A holistic approach to her care is essential.",unmet
"- Mr. Khan is showing signs of distress and discomfort, requiring prompt assessment and interventions to address his symptoms and improve his quality of life.",unmet
"- Mrs. Carter is experiencing worsening pain and fatigue, impacting her ability to engage in daily activities. Adjustment of her pain management regimen is necessary to enhance her comfort and function.",unmet
"- Mr. Rodriguez is exhibiting signs of social withdrawal and isolation, indicating a need for increased social support and engagement to improve his emotional well-being.",unmet
"- Mrs. White is struggling with communication difficulties, making it challenging for her to express her needs and preferences. Communication strategies and support are essential to enhance her quality of life.",unmet
"- Mr. Lee is experiencing recurrent episodes of confusion and disorientation, suggesting the need for cognitive assessments and interventions to support his cognitive function.",unmet
"- Mrs. Patel is displaying signs of respiratory distress and shortness of breath, requiring immediate attention and interventions to improve her comfort and breathing.",unmet
"- Mr. Thomas is experiencing persistent pain and discomfort, affecting his ability to participate in daily activities. A multidisciplinary approach to pain management is needed to enhance his quality of life.",unmet
"- Mrs. Jackson is showing signs of nutritional deficiencies and weight loss, indicating a need for dietary interventions and monitoring to improve her nutritional status.",unmet
"- Mr. Nguyen is experiencing increased levels of anxiety and agitation, likely due to unmet emotional needs or changes in his health condition. Psychosocial support and interventions are needed to address his emotional well-being.",unmet
"- Mrs. Kim is exhibiting symptoms of depression and social withdrawal, requiring targeted interventions and support to enhance her emotional well-being and quality of life.",unmet
"- Mr. Garcia is displaying signs of fatigue and weakness, impacting his ability to engage in daily activities. Assessment of his energy levels and functional status is necessary to improve his overall well-being.",unmet
- Mr. Smith is experiencing increased difficulty with mobility and requires assistance with transfers.,unmet
"- Mrs. Jones is showing signs of restlessness and agitation, which may indicate unmet palliative care needs.",unmet
"- Mr. Brown's family has raised concerns about his worsening confusion and agitation, suggesting the need for additional palliative care support.",unmet
"- Mrs. Davis is experiencing frequent episodes of nausea and vomiting, highlighting the importance of addressing her palliative care needs.",unmet
"- Mr. Johnson is displaying signs of apathy and withdrawal, indicating possible unmet palliative care needs.",unmet
"- Mrs. Wilson is showing increased restlessness at night, which may be a result of unaddressed palliative care issues.",unmet
"- Mr. Miller is experiencing persistent pain and discomfort, underscoring the necessity for improved palliative care interventions.",unmet
"- Mrs. Thompson's family has noted her decline in appetite and hydration levels, signaling the need for enhanced palliative care measures.",unmet
"- Mr. Lee is displaying noticeable signs of fatigue and weakness, emphasizing the importance of addressing his unmet palliative care needs.",unmet
"- Mrs. Garcia is experiencing recurrent episodes of shortness of breath, suggesting the need for more comprehensive palliative care support.",unmet
"- Mr. Patel is exhibiting symptoms of dehydration and skin breakdown, indicating the necessity for proactive palliative care interventions.",unmet
"- Mrs. Nguyen's family has expressed concern about her increasing confusion and disorientation, highlighting the need for improved palliative care services.",unmet
"- Mr. Robinson is showing signs of depression and social withdrawal, pointing towards unmet palliative care needs.",unmet
"- Mrs. Ahmed is experiencing persistent diarrhea and abdominal pain, underscoring the importance of addressing her palliative care requirements.",unmet
"- Mr. Kim is displaying heightened agitation and irritability, indicating potential unmet palliative care needs.",unmet
"- Mrs. Santiago is showing signs of deteriorating skin integrity and pressure ulcers, emphasizing the need for enhanced palliative care measures.",unmet
"- Mr. Chavez is experiencing frequent falls and mobility issues, suggesting the need for proactive palliative care interventions.",unmet
"- Mrs. Wong is displaying symptoms of anxiety and restlessness, indicating potential unmet palliative care needs.",unmet
"- Mr. Singh's family has noted his increasing confusion and memory loss, highlighting the necessity for improved palliative care services.",unmet
"- Mrs. Rodriguez is exhibiting signs of respiratory distress and difficulty breathing, signaling the need for more comprehensive palliative care support.",unmet
"- Mr. Thomas is experiencing recurring pain and discomfort, underscoring the importance of addressing his unmet palliative care needs.",unmet
"- Mrs. White is showing signs of dehydration and malnutrition, emphasizing the necessity for proactive palliative care interventions.",unmet
"- Mr. Garcia is displaying increased fatigue and weakness, indicating the need for enhanced palliative care measures.",unmet
"- Mrs. Kim's family has expressed concern about her declining health and deteriorating condition, pointing towards unmet palliative care needs.",unmet
"- Mr. Patel is experiencing persistent shortness of breath and chest pain, suggesting the need for improved palliative care interventions.",unmet
- Mrs. Smith is experiencing increased pain in her lower back and is requesting additional pain relief.,unmet
"- Mr. Johnson is showing signs of confusion and restlessness, indicating a possible need for medication adjustment.",unmet
- Mrs. Anderson is having difficulty sleeping at night and is experiencing frequent episodes of agitation.,unmet
- Mr. Brown is complaining of tightness in his chest and is in need of immediate medical attention.,unmet
"- Mrs. Williams is experiencing nausea and vomiting, requiring antiemetic medication.",unmet
- Mr. Davis has developed pressure ulcers on his back and is in need of wound care.,unmet
- Mrs. Wilson is exhibiting signs of apathy and is showing decreased interest in daily activities.,unmet
"- Mr. Thomas is experiencing severe back pain, limiting his mobility and requiring assistance with transfers.",unmet
"- Mrs. Garcia is showing symptoms of agitation and restlessness, indicating a need for increased emotional support.",unmet
- Mr. Rodriguez is experiencing frequent falls and is in need of a comprehensive fall prevention plan.,unmet
- Mrs. Nguyen is exhibiting signs of confusion and is requiring closer monitoring for safety reasons.,unmet
- Mr. Patel is experiencing difficulty breathing and is in need of immediate respiratory intervention.,unmet
- Mrs. Lee is complaining of persistent diarrhea and is in need of medication adjustment.,unmet
- Mr. Campbell is showing signs of restlessness at night and is requiring assistance with sleeping aids.,unmet
"- Mrs. Walker is experiencing increased itching and redness on her skin, indicating a need for dermatological evaluation.",unmet
- Mr. Mitchell is experiencing severe palliative care needs and is in need of a comprehensive care plan discussion.,unmet
- Mrs. Clark is requesting additional pain relief for her chronic back pain and is in need of medical evaluation.,unmet
"- Mr. Garcia is showing signs of confusion and apathy, requiring closer monitoring for changes in mental status.",unmet
"- Mrs. Nguyen is experiencing nausea and vomiting, indicating a need for antiemetic medication.",unmet
"- Mr. Johnson is exhibiting restlessness and agitation, requiring emotional support and reassurance.",unmet
"- Mrs. Davis is showing signs of confusion and disorientation, indicating a need for cognitive assessment.",unmet
- Mr. Williams is experiencing tightness of breath and is in need of respiratory support.,unmet
- Mrs. Wilson is complaining of persistent nausea and is requiring medication adjustment.,unmet
"- Mr. Thomas is showing signs of agitation and restlessness, indicating a need for psychosocial intervention.",unmet
- Mrs. Patel is experiencing frequent falls and is in need of fall prevention measures.,unmet
1. Mrs. Smith is experiencing increased difficulty in mobilizing and requires more assistance with daily activities.,unmet
2. Mr. Johnson's family has reported concerns regarding his deteriorating mobility and increasing dependence on others for care.,unmet
3. Mrs. Brown is struggling with getting dressed and requires additional support in maintaining her personal hygiene.,unmet
4. Mr. Patel is showing signs of decreased appetite and needs encouragement to eat and drink regularly.,unmet
"5. Mrs. Wilson is experiencing skin irritation and redness, possibly due to pressure ulcers that need to be monitored closely.",unmet
6. Mr. Carter's family has requested a review of his care plan due to recent changes in his health condition.,unmet
"7. Mrs. Lee is frequently agitated and restless, requiring reassessment of her pain management and comfort measures.",unmet
"8. Mr. Hughes is experiencing increased confusion and apathy, indicating a need for a comprehensive palliative care evaluation.",unmet
"9. Mrs. Garcia is complaining of back pain and nausea, necessitating prompt intervention to alleviate her discomfort.",unmet
"10. Mr. Khan has fallen multiple times recently, highlighting the need for reassessment of his fall risk and safety measures.",unmet
"11. Mrs. Clark is showing signs of dehydration and malnutrition, requiring closer monitoring of her hydration and nutritional intake.",unmet
"12. Mr. Nguyen has been wandering at night and experiencing sleep disturbances, indicating a need for better sleep hygiene and management.",unmet
"13. Mrs. Wright is exhibiting symptoms of palliative distress, including restlessness and agitation, which need to be addressed promptly.",unmet
14. Mr. Patel's mobility aids need to be adjusted to prevent falls and ensure his safety while moving around.,unmet
"15. Mrs. Taylor is in need of additional support with personal care activities, such as bathing and grooming, to maintain her comfort and dignity.",unmet
"16. Mr. Miller has expressed concerns about pain and tightness of breath, requiring immediate attention from the medical team.",unmet
"17. Mrs. Nguyen is showing signs of confusion and disorientation, necessitating a review of her medication and care plan.",unmet
"18. Mr. Brown is experiencing worsening symptoms of nausea and diarrhea, indicating a need for palliative care interventions.",unmet
"19. Mrs. Scott's family has reported increased agitation and confusion, highlighting the need for a comprehensive review of her care needs.",unmet
"20. Mr. Jackson is displaying signs of discomfort and pain, suggesting the need for a reassessment of his pain management regimen.",unmet
"21. Mrs. Patel is showing signs of skin breakdown and pressure ulcers, requiring prompt intervention to prevent further deterioration.",unmet
"22. Mr. Wilson's mobility has declined significantly, necessitating additional support with transfers and mobility aids.",unmet
"23. Mrs. Carter is experiencing increased weakness and fatigue, requiring closer monitoring of her energy levels and activity tolerance.",unmet
"24. Mr. Garcia is complaining of incontinence issues and discomfort, indicating a need for better continence management and care.",unmet
"25. Mrs. Khan's family has requested assistance with palliative care discussions and planning, highlighting the need for improved communication and support.",unmet
- Mr. Smith appears to be experiencing increased pain levels despite medication adjustments. ,unmet
- Mrs. Johnson is refusing to eat her meals and is showing signs of decreased hydration. ,unmet
- Mr. Brown is displaying increased confusion and agitation. ,unmet
- Mrs. Miller is reporting worsening shortness of breath and chest pain. ,unmet
- Mr. Davis's family has requested a care plan review due to his declining health. ,unmet
- Mrs. Wilson is experiencing frequent episodes of vomiting and diarrhea. ,unmet
- Mr. Thompson's pressure ulcer on his back is showing signs of infection. ,unmet
"- Mrs. Clark's nail care needs have been neglected, with nails becoming too long. ",unmet
- Mr. Lee is showing signs of restlessness and wandering during the night. ,unmet
- Mrs. Adams is complaining of severe back pain and discomfort. ,unmet
- Mr. Roberts is in need of assistance with transfers and falls prevention. ,unmet
- Mrs. Hughes is displaying increased apathy and lack of interest in activities. ,unmet
"- Mr. Evans's wheelchair is in need of repair, causing issues with mobility. ",unmet
"- Mrs. Baker is showing signs of agitation and restlessness, especially during the evenings. ",unmet
- Mr. Foster is experiencing worsening nausea and loss of appetite. ,unmet
- Mrs. Gray's pressure ulcer on her sacrum is deteriorating rapidly. ,unmet
- Mr. Patel is struggling with breathlessness and requires frequent reassurance. ,unmet
- Mrs. Young's family has expressed concerns about her unmet palliative care needs. ,unmet
- Mr. Scott is reporting increased levels of pain in his joints and muscles. ,unmet
- Mrs. Morris requires more frequent monitoring and care for skin breakdown on her heels. ,unmet
"- Mr. Khan's confusion and disorientation have worsened, requiring closer supervision. ",unmet
- Mrs. Carter is showing signs of dehydration and requires encouragement to drink fluids. ,unmet
- Mr. Murphy's restlessness and sleep disturbances are impacting his quality of life. ,unmet
- Mrs. Lopez is experiencing episodes of depression and withdrawal from social interactions. ,unmet
"- Mr. Wright's fall risk has increased, necessitating the use of walking aids at all times. ",unmet
"- Mrs. Smith's daughter noticed her increased agitation and restlessness at night, expressing concern about her comfort and well-being. ",unmet
"- Mr. Johnson's son mentioned his father's difficulty in using his walking aid independently, highlighting the need for additional support with mobility. ",unmet
"- Mrs. Williams' caregiver reported her persistent back pain, indicating the need for ongoing pain management and support. ",unmet
"- Mr. Brown's family members observed his increasing apathy and confusion, raising concerns about his mental well-being and quality of life. ",unmet
"- Mrs. Davis' nurse noted her frequent episodes of nausea and diarrhea, necessitating regular monitoring and symptom management. ",unmet
"- Mr. Wilson's caregiver expressed worries about his worsening pressure ulcers, emphasizing the importance of proper wound care and prevention strategies. ",unmet
"- Mrs. Clark's family mentioned her recurring falls and fall incidents, prompting discussions about implementing safety measures and interventions. ",unmet
"- Mr. Jones' nurse documented his ongoing tightness of breath, indicating the need for regular assessment and management of respiratory symptoms. ",unmet
"- Mrs. Martinez's caregiver reported her persistent restlessness and wandering at night, highlighting the importance of addressing sleep disturbances and nighttime care. ",unmet
"- Mr. Lee's family members noticed his increasing dependency on others for care, expressing concerns about his overall mobility and independence. ",unmet
"- Mrs. Nguyen's nurse observed her frequent episodes of confusion and disorientation, indicating the need for ongoing cognitive support and management. ",unmet
"- Mr. Garcia's caregiver mentioned his struggle with maintaining hydration and nutrition, emphasizing the need for assistance with eating and drinking. ",unmet
"- Mrs. Patel's family highlighted her worsening pain and discomfort, underscoring the importance of regular pain assessment and management. ",unmet
"- Mr. Kim's nurse documented his persistent agitation and restlessness, prompting discussions about individualized approaches to managing behavioral symptoms. ",unmet
"- Mrs. Wilson's caregiver reported her increasing need for assistance with basic activities of daily living, signaling the importance of personalized care planning and support. ",unmet
"- Mr. Davis' family members observed his reluctance to engage in social activities, expressing concerns about his emotional well-being and quality of life. ",unmet
"- Mrs. Thompson's nurse noted her recurring episodes of tightness of breath and chest pain, necessitating regular monitoring and symptom management. ",unmet
"- Mr. Nguyen's caregiver mentioned his deteriorating skin condition, highlighting the need for comprehensive wound care and skin assessment. ",unmet
"- Mrs. Brown's family reported her frequent episodes of confusion and forgetfulness, prompting discussions about cognitive stimulation and memory support. ",unmet
"- Mr. Martinez's nurse documented his persistent nausea and vomiting, indicating the need for ongoing symptom management and supportive care. ",unmet
"- Mrs. Kim's caregiver expressed worries about her increasing dependency on others for mobility, emphasizing the importance of maintaining independence and function. ",unmet
"- Mr. Patel's family members noticed his declining appetite and weight loss, raising concerns about his nutritional status and overall well-being. ",unmet
"- Mrs. Jones' nurse noted her persistent restlessness and agitation, indicating the need for personalized approaches to managing behavioral symptoms and improving comfort. ",unmet
"- Mr. Clark's caregiver reported his ongoing struggle with managing pain and discomfort, prompting discussions about optimizing pain management and supportive care. ",unmet
"- Mrs. Garcia's family mentioned her increasing confusion and forgetfulness, emphasizing the need for cognitive support and memory enhancement strategies. ",unmet
"1. Martha is experiencing increased pain in her lower back, affecting her ability to move around independently.",unmet
"2. John's family has indicated that he is becoming more agitated and restless during the evenings, requiring extra attention from staff.",unmet
"3. Emily complains of nausea and tightness in her chest, indicating possible symptoms that need further assessment.",unmet
"4. Jack is showing signs of confusion and apathy, which may be linked to his unmet palliative care needs.",unmet
"5. Sarah has developed pressure ulcers on her heels, requiring immediate attention to prevent further deterioration.",unmet
"6. Michael has been restless during the night, making it difficult for him to get a good night's sleep.",unmet
7. Susan's family has requested a review of her care plan and medication regime to address her unmet palliative care needs.,unmet
"8. Robert has been experiencing frequent falls and incidents, highlighting the need for closer monitoring and support.",unmet
"9. Emma is showing signs of dehydration and malnutrition, requiring a reevaluation of her hydration and nutrition plan.",unmet
"10. James is struggling with breathlessness and back pain, indicating the need for better pain management and symptom control.",unmet
"11. Laura's nails are overgrown and in need of trimming, to prevent any potential skin infections.",unmet
"12. Peter is exhibiting signs of skin redness and peeling, suggesting a need for improved skincare and assessment.",unmet
"13. Olivia's mobility has deteriorated significantly, making her more dependent on others for basic care.",unmet
"14. Thomas is becoming increasingly confused and disorientated, pointing to unmet palliative care needs that require attention.",unmet
"15. Grace is experiencing regular episodes of diarrhea, which may be linked to her overall health deterioration.",unmet
"16. Henry's family has reported increased bouts of agitation and restlessness, indicating a need for additional support and care.",unmet
"17. Lucy's sleep patterns have been disrupted, with frequent episodes of restlessness and wandering during the night.",unmet
"18. Daniel has been struggling with swallowing difficulties and choking episodes, necessitating a review of his eating and drinking habits.",unmet
19. Victoria's family has expressed concerns about her increasing dependency on walking aids and mobility support.,unmet
"20. Richard is exhibiting signs of palliative care needs that have not been adequately addressed, leading to increased discomfort and distress.",unmet
"21. Elizabeth is experiencing persistent pain and discomfort, requiring a reassessment of her pain management plan.",unmet
"22. William's skin shows signs of blemishes and irritation, highlighting the need for improved skincare and attention to detail.",unmet
"23. Maria's family has raised concerns about her lack of social interaction and engagement, indicating a need for structured activities and support.",unmet
"24. Charles is showing signs of weight loss and decreased appetite, pointing to unmet nutrition and hydration needs.",unmet
"25. Jennifer is becoming increasingly isolated and withdrawn, indicating a need for emotional support and companionship.",unmet
"- Resident A has been showing signs of increasing restlessness and agitation, especially during the night.",unmet
- Resident B has been experiencing frequent episodes of confusion and has been requiring extra assistance with daily activities.,unmet
- Resident C has been complaining of persistent back pain and is in need of pain management interventions.,unmet
"- Resident D has been experiencing recurrent nausea and is struggling to keep food down, requiring additional support in maintaining adequate nutrition.",unmet
- Resident E has been displaying symptoms of tightness of breath and is in need of increased monitoring and management of respiratory issues.,unmet
"- Resident F has been experiencing frequent falls and is at high risk for fall incidents, requiring additional safety measures to prevent further injury.",unmet
"- Resident G has been showing signs of apathy and withdrawal, needing encouragement and engagement in activities to improve mood and well-being.",unmet
"- Resident H has been exhibiting signs of skin irritation and itching, requiring assessment and treatment to prevent further complications.",unmet
"- Resident I has been experiencing persistent restlessness at night, leading to disrupted sleep patterns and increased fatigue during the day.",unmet
- Resident J has been struggling with maintaining hydration levels and requires assistance in ensuring adequate fluid intake to prevent dehydration.,unmet
"- Resident K has been showing signs of decline in mobility and independence, needing ongoing support and assistance with daily tasks.",unmet
"- Resident L has been experiencing heightened confusion and disorientation, requiring additional supervision and monitoring for safety.",unmet
- Resident M has been dealing with frequent episodes of diarrhoea and is in need of interventions to manage gastrointestinal symptoms.,unmet
- Resident N has been experiencing worsening pain symptoms and requires ongoing assessment and management to improve comfort and quality of life.,unmet
"- Resident O has been showing signs of increased agitation and restlessness, needing extra support and reassurance to promote calmness and well-being.",unmet
"- Resident P has been experiencing decreased appetite and weight loss, requiring close monitoring and interventions to address malnutrition.",unmet
- Resident Q has been displaying signs of respiratory distress and is in need of respiratory support to alleviate breathing difficulties.,unmet
"- Resident R has been experiencing recurrent falls and is at high risk for fall-related injuries, requiring immediate interventions to enhance safety.",unmet
"- Resident S has been showing signs of skin breakdown and pressure ulcers, needing urgent assessment and treatment to prevent further complications.",unmet
"- Resident T has been experiencing growing confusion and disorientation, warranting increased monitoring and supervision to ensure safety and well-being.",unmet
"- Resident U has been displaying increased signs of pain and discomfort, requiring ongoing pain management interventions to improve quality of life.",unmet
"- Resident V has been dealing with severe nausea and vomiting, necessitating interventions to manage symptoms and improve comfort.",unmet
"- Resident W has been experiencing persistent respiratory symptoms and shortness of breath, needing additional support and monitoring for respiratory issues.",unmet
"- Resident X has been showing signs of restlessness and agitation, especially during nighttime hours, requiring extra support and care to promote comfort and relaxation.",unmet
"- Resident Y has been dealing with frequent episodes of confusion and disorientation, requiring increased supervision and support to ensure safety and well-being.",unmet
"- Resident Z has been experiencing ongoing pain and discomfort, necessitating regular assessment and management to enhance comfort and quality of life.",unmet
- Resident A is experiencing increased difficulty with mobility and requires more assistance with daily tasks. ,unmet
- Resident B's family has noted a decline in their loved one's independence and express concern for their well-being. ,unmet
"- Resident C struggles with maintaining proper nutrition and hydration, requiring encouragement and support during meals. ",unmet
"- Resident D shows signs of restlessness and agitation throughout the day, indicating a need for additional comfort measures. ",unmet
"- Resident E is experiencing skin issues such as redness and itching, requiring further assessment and intervention. ",unmet
"- Resident F's sleep patterns are disrupted by frequent waking during the night, causing potential distress and fatigue. ",unmet
"- Resident G presents with symptoms of confusion and apathy, necessitating closer monitoring and support. ",unmet
- Resident H is struggling with pain management and may benefit from a review of their current medication regimen. ,unmet
"- Resident I has expressed discomfort and tightness of breath, highlighting the need for a holistic approach to symptom management. ",unmet
- Resident J requires assistance with walking aids and transfers to prevent falls and ensure their safety. ,unmet
- Resident K is experiencing nausea and may require additional support with managing gastrointestinal symptoms. ,unmet
- Resident L's family has requested more frequent communication and involvement in care planning discussions. ,unmet
"- Resident M's mobility is declining rapidly, resulting in increased dependency on caregivers for daily activities. ",unmet
"- Resident N is showing signs of decline in cognitive function, requiring specialized interventions and support. ",unmet
- Resident O has developed pressure ulcers that need immediate attention and treatment to prevent further complications. ,unmet
- Resident P struggles with maintaining oral hygiene and requests assistance with brushing teeth and cleaning dental prostheses. ,unmet
"- Resident Q's mobility is compromised due to pain and discomfort, indicating the need for more intensive pain management strategies. ",unmet
- Resident R presents with symptoms of dehydration and requires regular monitoring of fluid intake to prevent complications. ,unmet
- Resident S's family has requested more social interactions and activities to improve their loved one's quality of life. ,unmet
"- Resident T is experiencing increased confusion and disorientation, necessitating closer supervision and support. ",unmet
- Resident U requires assistance with incontinence management and hygiene to maintain comfort and dignity. ,unmet
"- Resident V shows signs of apathy and withdrawal, indicating a need for more personalized care and attention. ",unmet
- Resident W is experiencing persistent back pain and requires additional support with pain management and comfort measures. ,unmet
"- Resident X's mobility is limited due to falls and fall incidents, highlighting the need for fall prevention strategies and support. ",unmet
"- Resident Y presents with symptoms of agitation and restlessness, indicating a need for calm and comforting interventions. ",unmet
"- Resident Z is struggling with nausea and vomiting, requiring closer monitoring and interventions to address gastrointestinal symptoms. ",unmet
"- Resident A is experiencing increased pain and discomfort, requiring more frequent medication administration. ",unmet
"- Resident B is showing signs of restlessness and agitation, indicating potential unmet emotional and psychological needs. ",unmet
- Resident C's family has requested more frequent updates on their loved one's overall health and well-being. ,unmet
"- Resident D is displaying noticeable changes in appetite and difficulty with eating, suggesting a need for nutritional support. ",unmet
"- Resident E has been experiencing ongoing respiratory issues, resulting in increased shortness of breath and discomfort. ",unmet
"- Resident F is exhibiting signs of confusion and disorientation, requiring additional support and monitoring. ",unmet
"- Resident G is experiencing worsening pressure ulcers, necessitating more frequent wound care and attention. ",unmet
"- Resident H's mobility has significantly declined, leading to increased dependence on staff for daily activities. ",unmet
"- Resident I is exhibiting signs of distress and discomfort, possibly indicating unmet pain management needs. ",unmet
"- Resident J is displaying symptoms of nausea and vomiting, requiring close monitoring and intervention. ",unmet
"- Resident K's family has expressed concern about their loved one's overall care and well-being, requesting more frequent communication and updates. ",unmet
"- Resident L is experiencing increased levels of anxiety and fear, requiring additional emotional support and reassurance. ",unmet
"- Resident M's mobility has declined significantly, resulting in an increased risk of falls and injuries. ",unmet
"- Resident N is exhibiting signs of restlessness and agitation, suggesting unmet emotional and psychological needs. ",unmet
"- Resident O is displaying symptoms of confusion and disorientation, requiring additional assistance and monitoring. ",unmet
"- Resident P is experiencing worsening palliative care needs, requiring increased attention and support from healthcare providers. ",unmet
- Resident Q's family has requested more frequent visits and updates on their loved one's condition and care plan. ,unmet
"- Resident R is showing signs of discomfort and pain, indicating unmet medication and pain management needs. ",unmet
"- Resident S is exhibiting symptoms of respiratory distress, necessitating immediate intervention and support. ",unmet
"- Resident T's mobility has declined significantly, leading to increased dependence on staff for daily care and assistance. ",unmet
"- Resident U is displaying signs of agitation and restlessness, requiring additional support and attention from healthcare providers. ",unmet
"- Resident V is experiencing worsening pressure ulcers, necessitating more frequent wound care and treatment. ",unmet
"- Resident W's family has expressed concern about their loved one's overall well-being and care, requesting more frequent updates and communication. ",unmet
"- Resident X is displaying symptoms of confusion and disorientation, requiring additional monitoring and support. ",unmet
"- Resident Y is showing signs of pain and discomfort, suggesting unmet palliative care needs that require immediate attention. ",unmet
"- Resident Z is experiencing increased respiratory distress and difficulty breathing, necessitating closer monitoring and intervention. ",unmet
- Mr. Smith's family has voiced concerns about his increasing restlessness and agitation during the night. ,unmet
 - Mrs. Jones is experiencing frequent bouts of nausea that are impacting her ability to eat and drink. ,unmet
" - Mr. Patel's mobility has significantly deteriorated, leading to an increase in falls and the need for assistance with transfers. ",unmet
 - Mrs. Brown has been showing signs of apathy and a decrease in social interactions with fellow residents. ,unmet
 - Mr. Wilson is complaining of worsening back pain that is affecting his overall comfort and mobility. ,unmet
 - Mrs. Lee's family has requested a review of her care plan to address her unexplained weight loss and decreased appetite. ,unmet
" - Mr. Garcia is showing signs of confusion and disorientation, requiring closer monitoring by staff. ",unmet
" - Mrs. Rodriguez is experiencing frequent episodes of tightness of breath and shortness of breath, necessitating additional support. ",unmet
 - Mr. Nguyen has developed pressure ulcers on his heels that require ongoing wound care and monitoring. ,unmet
" - Mrs. Lewis has been experiencing increased episodes of incontinence, leading to skin irritation and discomfort. ",unmet
" - Mr. Clark has been showing signs of restlessness and agitation, particularly in the evenings. ",unmet
 - Mrs. Scott has been experiencing severe pain that is not being adequately managed with current medication. ,unmet
 - Mr. Hughes has been experiencing frequent falls due to his declining mobility and balance issues. ,unmet
 - Mrs. Khan's family has raised concerns about her increasing confusion and forgetfulness. ,unmet
 - Mr. Robinson has been experiencing persistent diarrhea that is impacting his hydration and nutrition levels. ,unmet
 - Mrs. Patel has developed a pressure ulcer on her lower back that requires careful monitoring and treatment. ,unmet
 - Mr. White has been exhibiting signs of agitation and aggression towards staff and other residents. ,unmet
" - Mrs. Nguyen has been experiencing episodes of dizziness and lightheadedness, leading to concerns about falls. ",unmet
" - Mr. Carter's family has requested additional support for his palliative care needs, including pain management and emotional support. ",unmet
 - Mrs. Thompson has been showing signs of apathy and disengagement from her usual activities and interactions. ,unmet
 - Mr. Stewart has been experiencing increased difficulty with breathing and respiratory distress. ,unmet
" - Mrs. Garcia has been experiencing frequent episodes of nausea and vomiting, impacting her overall well-being. ",unmet
" - Mr. Patel's family has requested a review of his medication regime, as he has been experiencing increased confusion and sedation. ",unmet
" - Mrs. Wong is showing signs of anxiety and restlessness, particularly in the evenings. ",unmet
 - Mr. Brown has been experiencing increased episodes of coughing and respiratory discomfort. ,unmet
- Resident A is experiencing increased difficulty with mobility and is becoming more dependent on others for care.,unmet
- Resident B's family has noted a decline in her ability to perform daily activities such as dressing and showering.,unmet
"- Resident C is showing signs of agitation and restlessness, which may be related to unmanaged pain levels.",unmet
- Resident D has developed pressure ulcers that require immediate attention to prevent further complications.,unmet
"- Resident E is experiencing nausea and back pain, which are impacting her quality of life.",unmet
- Resident F's family has raised concerns about her increasing confusion and apathy.,unmet
- Resident G is at risk for falls and needs assistance with transfers and walking aids.,unmet
- Resident H's nails are overgrown and need to be trimmed to prevent infection.,unmet
"- Resident I is exhibiting signs of palliative care needs, such as tightness of breath and restlessness at night.",unmet
- Resident J is experiencing frequent bouts of incontinence and requires assistance with maintaining hygiene.,unmet
"- Resident K is struggling with maintaining hydration and nutrition, leading to concerns about her overall health.",unmet
- Resident L's family has requested discussions about her care plan and future medical needs.,unmet
- Resident M is having trouble sleeping and is often found wandering the halls at night.,unmet
"- Resident N is showing signs of skin irritation and itching, which may be a result of underlying medical issues.",unmet
- Resident O's wheelchair needs adjustments to ensure he is safe and comfortable when using it.,unmet
- Resident P is experiencing significant pain and requires regular monitoring and medication adjustments.,unmet
- Resident Q's family has expressed concerns about her social isolation and lack of engagement in activities.,unmet
- Resident R is in need of palliative care due to the progression of her illness and increased symptoms.,unmet
"- Resident S requires regular monitoring for symptoms of palliative care needs, such as nausea and diarrhea.",unmet
- Resident T is struggling with maintaining a proper diet and needs assistance with meal preparation and eating.,unmet
- Resident U is at risk for developing pressure ulcers and needs assistance with proper positioning and skin care.,unmet
- Resident V's family has requested information about palliative care options and support services available to her.,unmet
"- Resident W is experiencing increased confusion and disorientation, which may be a result of unmanaged pain levels.",unmet
"- Resident X requires assistance with maintaining personal hygiene and grooming, as he is unable to perform these tasks independently.",unmet
"- Resident Y is showing signs of distress and discomfort, likely related to unmet palliative care needs.",unmet
- Resident Z's family has requested a review of her medication and pain management plan to ensure her comfort and well-being.,unmet
"- Resident A is experiencing increasing pain and discomfort, especially when moving. ",unmet
- Resident B's family has requested more information on palliative care options and discussions. ,unmet
"- Resident C is showing signs of restlessness and agitation, especially during the evening hours. ",unmet
"- Resident D is struggling with nausea and vomiting, impacting their ability to eat and drink. ",unmet
"- Resident E is experiencing tightness of breath and discomfort, especially when lying down. ",unmet
"- Resident F has been showing signs of confusion and disorientation, requiring closer monitoring. ",unmet
"- Resident G's skin is showing signs of redness and irritation, requiring additional skincare measures. ",unmet
"- Resident H is complaining of back pain and stiffness, impacting their mobility. ",unmet
- Resident I is experiencing frequent falls and needing assistance with transfers and mobility aids. ,unmet
- Resident J's family has requested more detailed discussions on end-of-life care and options. ,unmet
"- Resident K is showing signs of apathy and decreased interest in activities, requiring closer attention. ",unmet
"- Resident L is experiencing frequent episodes of diarrhea, requiring additional support and monitoring. ",unmet
"- Resident M is showing signs of increased weakness and fatigue, especially when walking. ",unmet
- Resident N's family has expressed concerns about their loved one's overall wellbeing and comfort. ,unmet
"- Resident O is experiencing pressure ulcers and skin breakdown, requiring specialized wound care. ",unmet
- Resident P is showing signs of sleep disturbance and restlessness during the night. ,unmet
"- Resident Q is experiencing persistent pain and discomfort, impacting their quality of life. ",unmet
- Resident R's family has requested more support and assistance with managing their loved one's symptoms. ,unmet
"- Resident S is showing signs of increased confusion and memory loss, requiring additional supervision. ",unmet
"- Resident T is experiencing frequent episodes of nausea and vomiting, requiring closer monitoring. ",unmet
"- Resident U is showing signs of depression and emotional distress, requiring additional support and care. ",unmet
"- Resident V's skin is showing signs of peeling and dryness, requiring specialized skincare measures. ",unmet
"- Resident W is experiencing frequent episodes of urinary incontinence, requiring additional support and management. ",unmet
"- Resident X is showing signs of respiratory distress and difficulty breathing, requiring closer attention. ",unmet
- Resident Y's family has requested more information on pain management and palliative care options. ,unmet
"- Mrs. Smith seems to be experiencing increasing difficulty with mobility, requiring more assistance with moving around.",unmet
"- Mr. Johnson's sister has mentioned concerns about his worsening pain levels, requesting additional pain management interventions.",unmet
"- Mrs. Brown appears to be experiencing heightened confusion and agitation, necessitating closer monitoring by staff.",unmet
"- Mr. Davis has been experiencing increased restlessness and wandering at night, which may be indicative of unmet palliative care needs.",unmet
"- Mrs. Thompson has been complaining of persistent nausea and back pain, indicating a need for further symptom management.",unmet
"- Mr. Wilson's family has reported his worsening breathlessness and frequent episodes of tightness in his chest, warranting a reassessment of his palliative care plan.",unmet
"- Mrs. Lee has shown signs of apathy and disinterest in activities, suggesting a potential need for emotional support and psycho-social care.",unmet
"- Mr. Miller's daughter has noticed a decline in his appetite and overall well-being, prompting a discussion about potential alterations to his nutrition plan.",unmet
"- Mrs. Garcia has been experiencing more frequent episodes of confusion and memory loss, indicating a need for additional cognitive support and care.",unmet
"- Mr. Patel has been exhibiting signs of increased pain and discomfort, pointing towards the need for enhanced pain management strategies.",unmet
"- Mrs. Jenkins has been struggling with increased restlessness and discomfort, necessitating a review of her current medication regimen.",unmet
"- Mr. Roberts' family has mentioned his declining sleep quality and frequent nocturnal awakenings, highlighting the need for improved sleep hygiene and comfort measures.",unmet
"- Mrs. Cooper has been displaying signs of decreased mobility and independence, necessitating a reassessment of her care plan.",unmet
"- Mr. Nguyen has been experiencing unexplained falls and balance issues, indicating a need for enhanced mobility aids and safety measures.",unmet
"- Mrs. Wilson's daughter has expressed concerns about her mother's increasing confusion and disorientation, prompting a reevaluation of her cognitive care plan.",unmet
"- Mr. Thompson has been experiencing heightened levels of pain and discomfort, warranting a more in-depth pain management assessment.",unmet
"- Mrs. Parker's family has reported her declining energy levels and lack of appetite, indicating a need for nutritional support and dietary modifications.",unmet
"- Mr. Foster has been exhibiting signs of emotional distress and agitation, suggesting a need for additional psycho-social support.",unmet
"- Mrs. Stewart has been experiencing worsening breathlessness and fatigue, pointing towards the need for a review of her symptom management plan.",unmet
"- Mr. Diaz's family has mentioned his increasing confusion and forgetfulness, indicating a need for additional support with cognitive care.",unmet
"- Mrs. Lewis has been struggling with unexplained weight loss and fatigue, prompting a discussion about potential nutritional interventions.",unmet
"- Mr. Khan has been displaying signs of increased pain and discomfort, necessitating a review of his current pain management plan.",unmet
"- Mrs. Adams has been experiencing heightened levels of anxiety and restlessness, indicating a need for additional emotional support and reassurance.",unmet
"- Mr. Wagner's family has reported his declining mobility and independence, prompting a review of his current care plan.",unmet
"- Mrs. Kim has been showing signs of increased pain and discomfort, warranting a reassessment of her pain management strategies.",unmet
"- Mr. Smith is showing signs of increased pain and restlessness, requiring regular monitoring and medication adjustments. ",unmet
- Mrs. Johnson's family has requested more frequent updates on her condition and are concerned about her decreasing appetite and energy levels.,unmet
- Mr. Brown is experiencing difficulty breathing and requires assistance with positioning to help alleviate his discomfort. ,unmet
"- Mrs. Davis is showing signs of agitation and confusion, necessitating closer observation and interventions to address her symptoms.",unmet
- Mr. Wilson's palliative care plan needs to be reviewed and updated due to changes in his health status and symptoms.,unmet
"- Mrs. Thompson is experiencing episodes of nausea and vomiting, requiring additional support and medication management.",unmet
- Mr. Roberts is in need of pain management review and adjustments to better control his increasing levels of discomfort. ,unmet
- Mrs. Lee's family has raised concerns about her declining mobility and ability to perform daily activities independently.,unmet
"- Mr. Clark's skin integrity is deteriorating, with redness and blemishes developing that require prompt attention and care.",unmet
"- Mrs. White has expressed feelings of loneliness and isolation, highlighting the importance of enhancing her social interactions and engagement with others.",unmet
"- Mr. Adams is experiencing increased episodes of confusion and disorientation, necessitating strategies to help him feel more secure and oriented.",unmet
- Mrs. Garcia's family has requested more opportunities for her to participate in activities and engage with fellow residents to improve her overall well-being.,unmet
"- Mr. Hernandez is showing signs of restlessness and wandering behavior at night, requiring closer monitoring and interventions to ensure his safety.",unmet
"- Mrs. Scott is experiencing episodes of diarrhea and dehydration, necessitating hydration management and support to keep her comfortable.",unmet
"- Mr. Reed's pain levels are escalating, requiring a comprehensive pain assessment and adjustments to his medication regimen.",unmet
- Mrs. Patel is struggling with recurring pressure ulcers that need to be addressed promptly to prevent further complications and discomfort.,unmet
- Mr. Kim's family has requested a review of his care plan to address his increasing care needs and ensure his comfort and well-being.,unmet
"- Mrs. Nguyen is exhibiting signs of increased fatigue and weakness, indicating the need for additional support and monitoring of her condition.",unmet
"- Mr. Yamamoto's mobility is declining, making it challenging for him to perform daily activities independently and necessitating assistive devices and support.",unmet
"- Mrs. Cooper is experiencing heightened levels of anxiety and distress, requiring interventions to help her cope and feel more at ease.",unmet
"- Mr. Wilson is showing signs of increasing apathy and withdrawal, highlighting the importance of addressing his emotional and psychological well-being.",unmet
"- Mrs. Brown's family has raised concerns about her declining appetite and weight loss, prompting a review of her nutrition and hydration needs.",unmet
"- Mr. Davis is experiencing worsening breathlessness, necessitating prompt interventions and adjustments to his care plan to manage his symptoms effectively.",unmet
"- Mrs. Thompson's pain levels are escalating, requiring regular assessment and adjustments to her pain management regimen to ensure her comfort.",unmet
"- Mr. Roberts is showing signs of increased confusion and disorientation, necessitating support and strategies to help him feel more settled and oriented. ",unmet